10 10
26627 38766 28217 37141 35220 36819 47137 32306 28759 39394 
27222 38505 31059 36844 34062 42382 46239 34380 30159 41422 
21255 28968 27189 27109 21802 27086 31972 25606 17590 29514 
18430 27556 19210 26677 15125 19657 28496 15876 20855 23388 
17204 22751 18740 22205 16436 21727 26533 17333 18825 22064 
13210 24945 20197 22652 10259 18368 19701 16762 13034 20033 
19475 23070 15982 15416 20387 23665 23077 15523 13935 23321 
18810 18494 18785 15759 16223 23421 24633 17238 16516 24884 
21808 29650 24536 26902 21169 27398 33210 23064 21153 30571 
14188 19413 13067 14827 19034 26535 19664 15568 14905 20869 
