10 10
33517 19462 33410 34394 34732 39006 26570 40074 33048 28780 
33697 18437 27865 33405 32477 34779 24699 31734 30090 27825 
27109 15305 32419 31914 29972 33319 22925 32112 27513 23495 
31933 21884 24969 32829 31053 32846 25260 28896 25710 24730 
17873 10527 22472 21678 21159 26490 15129 26049 21652 15409 
34924 22546 35353 37486 33814 36199 31340 37061 30085 31677 
31268 14601 23920 26064 31224 28111 23205 24122 28715 22992 
22123 15357 25859 26304 25548 29173 16687 27990 21613 19900 
27966 15140 31811 31261 28580 29884 23011 31685 28916 25000 
22335 15702 17778 18845 21519 20697 19333 19596 17391 18307 
